 0  0 1337460 13017732      0 3324712    0    0     0   152 1561 1483  0  0 100  0  0
 0  0 1337460 13017888      0 3324712    0    0     0     0 1522 1382  0  0 100  0  0
 0  0 1337460 13017888      0 3324712    0    0     0     0 1529 1379  0  0 100  0  0
reply is every thing ok
 0  0 1337460 13017888      0 3324712    0    0     0     0 1531 1402  0  0 99  0  0
 0  0 1337460 13009952      0 3324712    0    0     0     0 1988 1746  3  0 97  0  0
 0  0 1337460 13009564      0 3324712    0    0     0     0 1599 1527  0  0 100  0  0
everything wokring
 0  0 1337460 13013888      0 3324716    0    0     0     0 1466 1442  0  0 100  0  0
 0  0 1337460 13013888      0 3324716    0    0     0     0 1344 1268  0  0 100  0  0
procs -----------memory---------- ---swap-- -----io---- -system-- ------cpu-----
 r  b   swpd   free   buff  cache   si   so    bi    bo   in   cs us sy id wa st
 0  0 1337460 13013888      0 3324716    0    0     0     0 1462 1396  0  0 100  0  0
