 0  0      0 30430044      0 302116    0    0     0    96  695  944  0  0 100  0  0
 0  0      0 30430380      0 301792    0    0     0    16  313  330  0  0 100  0  0
 0  0      0 30430380      0 301792    0    0     0     0  274  254  0  0 100  0  0
 0  0 1337460 13009496      0 3324080    0    0     0     4 1470 1399  0  0 100  0  0
 0  0 1337460 13009464      0 3324080    0    0     0     0 1352 1287  0  0 100  0  0
procs -----------memory---------- ---swap-- -----io---- -system-- ------cpu-----
 r  b   swpd   free   buff  cache   si   so    bi    bo   in   cs us sy id wa st
 0  0 1337460 13009496      0 3324080    0    0     0     0 1856 1773  1  0 99  0  0
lots of logs are been generated because I have mentioned log and console in my command and this is saved in file along with the test
 0  0      0 30430380      0 301792    0    0     0     0  252  234  0  0 100  0  0
 0  0      0 30430380      0 301792    0    0     0     0  242  232  0  0 100  0  0
 0  0      0 30430380      0 301792    0    0     0     0  268  250  0  0 100  0  0
 0  0 1337460 13009200      0 3324080    0    0     0     0 2595 3313  1  0 99  0  0
 0  0 1337460 13009216      0 3324180    0    0     0     0 1434 1342  0  0 100  0  0
 0  0 1337460 13009216      0 3324180    0    0     0    24 1256 1206  0  0 100  0  0
